Visualization/GIS_GUI/function/R_comizi.asc
ncols 182 
nrows 202 
xllcorner 1525329,298 
yllcorner 4989391,613 
cellsize 250 
NODATA_value -9999 
[rows 156 to 194 of 202, columns 88 to 175 of 182]
32 32 32 32 32 32 32 32 32 32 32 32 32 32 32 32 32 32 32 34 34 34 34 34 34 34 34 36 0 0 0 0 0 0 0 0 36 36 36 36 36 36 36 36 34 34 34 34 34 34 34 34 34 34 34 34 34 34 34 34 34 34 34 34 34 34 34 34 34 34 0 -9999 -9999 -9999 -9999 -9999 -9999 0 0 -9999 -9999 -9999 -9999 0 0 -9999 -9999 -9999
32 32 32 32 32 32 32 32 32 32 32 32 32 32 32 32 32 32 32 32 34 34 34 34 34 34 34 34 34 34 0 0 36 0 0 36 36 36 36 36 36 36 36 36 34 34 34 34 34 34 34 34 34 34 34 34 34 34 34 34 34 34 34 34 34 34 34 34 34 34 34 -9999 -9999 -9999 -9999 -9999 0 48 48 0 -9999 -9999 48 0 -9999 -9999 -9999 -9999
32 32 32 32 32 32 32 32 32 32 32 32 32 32 32 32 32 32 32 32 34 34 34 34 34 34 34 34 34 36 0 0 36 36 36 36 36 36 36 36 36 36 36 36 34 34 34 34 34 34 34 34 34 34 34 34 34 34 34 34 34 34 34 34 34 34 34 34 34 34 34 -9999 -9999 -9999 -9999 0 48 48 48 48 48 48 48 0 -9999 -9999 -9999 -9999
32 32 32 32 55 32 32 32 32 32 32 32 32 32 32 32 32 32 32 32 32 34 34 34 34 34 34 34 34 0 0 0 36 36 36 36 36 36 36 36 36 36 36 36 34 34 34 34 34 34 34 34 34 34 34 34 34 34 34 34 34 34 34 34 34 34 34 34 34 34 34 34 -9999 -9999 48 48 48 48 48 48 48 48 48 0 -9999 -9999 -9999 -9999
32 32 32 55 55 55 32 32 32 32 32 32 32 55 55 32 32 32 32 32 32 55 34 34 34 34 34 34 34 36 36 36 36 36 36 36 36 36 36 36 36 36 36 36 34 34 34 34 34 34 34 36 36 36 36 34 34 34 34 34 34 34 34 34 34 34 34 34 34 34 34 34 34 34 48 48 48 48 48 48 48 48 48 0 -9999 -9999 -9999 -9999
32 32 32 55 55 55 55 32 32 32 32 55 55 55 55 55 55 55 55 32 32 55 34 34 34 34 34 34 34 36 36 36 36 36 55 36 36 36 36 36 36 36 36 36 36 34 34 34 34 34 34 34 36 36 36 34 34 34 34 34 34 34 34 34 34 34 34 34 34 34 34 34 34 34 48 48 48 48 48 48 48 48 48 0 -9999 -9999 -9999 -9999
32 32 32 55 55 55 55 32 32 32 32 55 55 55 55 55 55 55 55 55 32 55 34 34 34 34 34 34 34 36 36 36 36 55 55 36 36 36 36 36 36 36 36 36 36 36 34 34 34 34 34 34 34 36 36 34 34 34 34 34 34 34 34 34 34 34 34 34 34 34 34 34 34 34 48 48 48 48 48 48 48 48 48 48 0 -9999 -9999 -9999
32 32 32 55 55 55 55 32 32 32 55 55 55 55 55 55 55 55 55 55 55 55 55 34 34 34 34 36 36 36 36 55 55 55 55 36 36 36 36 36 36 36 36 36 36 36 36 36 34 34 34 34 36 36 36 36 34 34 34 34 34 34 34 34 34 52 34 34 34 52 52 34 34 48 48 48 48 48 48 48 48 48 48 49 60 -9999 -9999 -9999
32 32 55 55 55 55 32 32 55 55 55 55 55 55 55 55 55 55 55 55 55 55 55 55 34 34 34 36 36 36 55 55 55 55 55 36 36 36 36 36 36 36 36 36 36 36 36 36 36 36 36 36 36 36 36 36 34 34 34 34 34 34 52 52 52 52 52 52 52 52 52 52 52 48 48 48 48 48 48 49 48 48 48 49 60 0 -9999 -9999
32 55 55 55 55 55 55 55 55 55 55 55 55 55 55 55 55 55 55 55 55 55 55 55 55 34 55 55 55 55 55 55 55 55 55 36 36 36 36 36 36 36 36 36 36 36 36 36 36 36 36 36 36 36 36 36 45 45 45 45 34 52 52 52 52 52 52 52 52 52 52 52 52 48 48 48 48 48 49 49 49 48 49 49 49 60 0 -9999
32 32 55 54 54 54 54 54 55 55 55 55 55 55 55 55 55 55 55 55 55 55 55 55 55 34 55 55 55 55 55 55 55 55 55 55 36 36 36 36 36 36 36 36 36 36 36 36 36 36 36 36 36 36 45 45 45 45 45 45 45 45 45 52 52 52 52 52 52 52 52 52 52 52 52 52 49 49 49 49 49 49 49 49 60 60 60 0
54 54 54 54 54 -9999 -9999 -9999 0 57 55 55 55 55 55 55 55 55 55 55 55 55 55 55 55 55 55 55 55 55 55 55 55 55 55 55 36 36 36 36 36 36 36 36 36 36 36 36 43 43 36 36 36 45 45 45 45 45 45 45 45 45 45 45 52 52 52 52 52 52 52 52 52 52 52 52 49 49 49 49 49 49 49 60 60 60 60 0
54 54 54 54 0 -9999 -9999 -9999 -9999 -9999 57 57 55 55 55 55 55 55 55 55 55 55 55 55 55 55 55 55 55 55 55 55 55 55 55 55 36 36 36 36 36 36 36 36 36 36 36 43 43 43 43 45 45 45 45 45 45 45 45 46 46 46 46 46 52 52 52 52 52 52 52 52 52 52 52 49 49 49 49 49 49 49 49 49 60 60 0 0
54 54 54 54 -9999 -9999 -9999 -9999 -9999 -9999 -9999 57 55 55 55 55 55 55 55 55 55 55 55 55 55 55 55 55 55 55 55 55 55 55 55 55 36 36 36 36 36 36 36 36 36 36 36 43 43 43 45 45 45 45 45 45 46 46 46 46 46 46 46 46 46 52 52 52 52 52 52 52 52 52 49 49 49 49 49 49 49 49 49 49 60 60 0 -9999
54 54 54 54 -9999 -9999 -9999 -9999 -9999 -9999 -9999 0 57 55 55 55 55 55 55 55 55 55 55 55 55 55 55 55 55 55 55 55 55 55 55 55 36 36 36 36 36 36 36 36 36 36 36 43 43 45 45 45 45 45 46 46 46 46 46 46 46 46 46 46 46 46 61 52 52 52 52 52 52 52 49 49 49 49 49 49 49 49 49 49 49 60 -9999 -9999
54 54 54 54 -9999 -9999 -9999 -9999 -9999 -9999 -9999 -9999 57 55 55 55 55 55 55 55 55 55 55 55 55 55 55 55 55 55 55 55 55 55 55 55 36 36 36 36 36 36 36 36 43 43 43 45 45 45 45 45 45 46 46 46 46 46 46 46 46 46 46 46 46 46 61 61 61 52 52 52 52 52 52 49 49 49 49 49 49 49 49 49 60 60 -9999 -9999
54 54 54 54 -9999 -9999 -9999 -9999 -9999 -9999 -9999 -9999 0 57 55 55 55 55 55 55 55 55 55 55 55 55 55 55 55 55 55 55 55 55 55 55 43 36 36 36 36 36 43 43 43 43 45 45 45 45 45 45 46 46 46 46 46 46 46 46 46 46 46 46 46 46 61 61 61 61 52 52 52 52 52 52 49 49 49 49 49 49 49 49 60 60 -9999 -9999
54 54 54 -9999 -9999 -9999 -9999 -9999 -9999 -9999 -9999 -9999 0 57 57 57 55 55 55 55 55 55 55 55 55 55 55 55 55 55 55 55 55 55 55 40 43 43 43 43 36 43 43 43 43 45 45 45 45 45 45 45 46 46 46 46 46 46 46 46 46 46 46 46 46 61 61 61 61 61 61 61 52 52 52 50 50 50 49 49 49 49 49 49 60 60 -9999 -9999
54 54 0 -9999 -9999 -9999 -9999 -9999 -9999 -9999 -9999 -9999 0 57 57 55 55 38 55 55 55 55 55 55 55 55 55 55 55 55 55 55 55 40 40 40 40 43 43 43 43 43 43 43 45 45 45 45 45 45 45 45 46 46 46 46 46 46 46 46 46 46 46 46 46 61 61 61 61 61 61 61 61 50 50 50 50 50 50 49 49 49 50 50 60 60 -9999 -9999
54 54 0 -9999 -9999 -9999 -9999 -9999 -9999 -9999 -9999 -9999 0 0 57 55 55 38 38 55 38 38 38 55 55 55 55 38 38 55 55 55 55 55 40 40 40 40 40 43 43 43 43 43 45 0 0 0 0 0 0 0 46 46 46 46 46 46 46 46 46 46 46 46 46 61 61 61 61 61 61 61 61 61 50 50 50 50 50 50 50 50 50 50 50 60 60 -9999
54 0 0 -9999 -9999 -9999 -9999 -9999 -9999 -9999 -9999 0 0 0 57 57 38 38 38 38 38 38 38 38 55 38 55 38 38 38 55 55 55 40 40 40 40 40 40 40 40 43 43 43 43 -9999 -9999 -9999 -9999 -9999 0 0 0 46 46 46 46 46 46 46 46 46 46 46 46 46 61 61 61 61 47 61 61 61 50 50 50 50 50 50 50 50 50 50 50 50 0 0
54 0 0 -9999 -9999 -9999 -9999 -9999 -9999 -9999 -9999 0 0 0 57 38 38 38 38 38 38 38 38 38 38 38 38 38 38 38 38 55 55 40 40 40 40 40 40 40 40 40 43 43 43 -9999 -9999 -9999 -9999 -9999 -9999 -9999 -9999 46 46 46 46 46 46 46 46 46 46 46 46 46 46 61 47 47 47 47 61 61 61 50 50 50 50 50 50 50 50 50 50 62 51 0
0 0 -9999 -9999 -9999 -9999 -9999 -9999 -9999 -9999 -9999 0 0 57 38 38 38 38 38 38 38 38 38 38 38 38 38 38 38 38 38 55 55 38 38 38 40 40 40 40 40 40 43 43 43 -9999 -9999 -9999 -9999 -9999 -9999 -9999 -9999 46 46 46 46 46 46 46 46 46 46 46 46 46 46 46 47 47 47 63 63 63 63 63 50 63 63 63 63 63 50 50 62 62 62 51
-9999 -9999 -9999 -9999 -9999 -9999 -9999 -9999 -9999 -9999 -9999 0 0 57 57 38 38 38 38 38 38 38 38 38 38 38 38 38 38 38 38 38 38 38 38 38 38 40 41 41 41 41 43 43 43 -9999 -9999 -9999 -9999 -9999 -9999 -9999 -9999 59 46 46 46 46 46 46 46 46 46 46 46 46 46 46 47 47 47 47 47 47 63 63 63 63 63 63 63 63 63 62 62 62 62 51
-9999 -9999 -9999 -9999 -9999 -9999 -9999 -9999 -9999 -9999 -9999 0 57 57 57 57 38 38 38 38 38 38 38 38 38 38 38 38 38 38 38 38 38 38 38 38 38 38 41 41 41 41 43 43 43 -9999 -9999 -9999 -9999 -9999 -9999 -9999 -9999 -9999 59 59 46 46 46 46 46 46 46 46 46 46 47 47 47 47 47 47 47 47 47 63 63 63 63 63 63 63 63 63 62 62 62 62
-9999 -9999 -9999 -9999 -9999 -9999 -9999 -9999 -9999 -9999 -9999 0 57 57 57 57 38 38 38 58 58 58 58 58 58 38 38 38 38 38 38 38 38 38 38 38 38 41 41 41 41 41 43 43 43 43 -9999 -9999 -9999 -9999 -9999 -9999 -9999 -9999 59 59 46 46 46 46 46 46 46 46 46 46 47 47 47 47 47 47 47 47 63 0 0 0 63 63 63 63 63 62 62 62 62 62
-9999 -9999 -9999 -9999 -9999 -9999 -9999 -9999 -9999 -9999 -9999 0 57 57 57 57 57 58 58 58 58 39 58 58 58 58 38 38 38 38 38 38 38 38 38 38 38 41 41 41 41 41 43 43 43 43 -9999 -9999 -9999 -9999 -9999 -9999 -9999 -9999 -9999 59 59 59 46 46 46 46 46 46 46 46 47 47 47 47 47 47 47 47 0 0 -9999 0 0 0 0 63 63 62 62 62 62 62
-9999 -9999 -9999 -9999 -9999 -9999 -9999 -9999 -9999 -9999 0 57 57 57 57 57 57 58 39 39 39 39 39 39 58 58 38 38 38 38 38 38 38 38 38 38 38 41 41 41 41 41 41 43 43 43 -9999 -9999 -9999 -9999 -9999 -9999 -9999 -9999 -9999 -9999 59 59 59 46 46 46 46 46 46 46 46 47 47 47 47 47 59 0 -9999 -9999 -9999 -9999 -9999 -9999 -9999 0 0 62 62 62 62 62
-9999 -9999 -9999 -9999 -9999 -9999 -9999 -9999 -9999 -9999 0 57 57 57 57 57 39 39 39 39 39 39 39 39 39 39 58 58 38 38 38 38 38 38 38 38 38 41 41 41 41 41 41 41 43 43 -9999 -9999 -9999 -9999 -9999 -9999 -9999 -9999 -9999 -9999 59 59 59 59 46 46 46 46 46 46 46 46 46 47 47 59 0 -9999 -9999 -9999 -9999 -9999 -9999 -9999 -9999 -9999 -9999 0 62 62 62 62
-9999 -9999 -9999 -9999 -9999 -9999 -9999 -9999 -9999 -9999 57 57 57 57 57 39 39 39 39 39 39 39 39 39 39 39 58 58 38 38 38 38 38 38 38 38 38 41 41 41 41 41 41 41 42 43 43 -9999 -9999 -9999 -9999 -9999 -9999 -9999 -9999 -9999 59 59 59 59 59 46 46 46 46 46 46 46 46 59 59 0 0 -9999 -9999 -9999 -9999 -9999 -9999 -9999 -9999 -9999 -9999 -9999 0 62 62 51
-9999 -9999 -9999 -9999 -9999 -9999 -9999 -9999 -9999 -9999 57 57 57 57 39 39 39 39 39 39 39 39 39 39 39 39 56 56 38 38 38 38 38 38 38 38 38 41 41 41 41 41 41 41 42 44 44 -9999 -9999 -9999 -9999 -9999 -9999 -9999 -9999 -9999 -9999 59 59 59 59 59 46 46 46 46 46 46 46 59 59 0 -9999 -9999 -9999 -9999 -9999 -9999 -9999 -9999 -9999 -9999 -9999 -9999 0 0 51 51
-9999 -9999 -9999 -9999 -9999 -9999 -9999 -9999 -9999 -9999 57 57 57 57 57 57 39 39 39 39 39 39 39 39 39 39 56 56 38 38 38 38 38 38 38 38 38 41 41 41 41 41 41 41 42 44 0 0 -9999 -9999 -9999 -9999 -9999 -9999 -9999 -9999 -9999 -9999 59 59 59 59 59 59 46 46 46 59 59 59 59 0 -9999 -9999 -9999 -9999 -9999 -9999 -9999 -9999 -9999 -9999 -9999 -9999 -9999 0 0 51
-9999 -9999 -9999 -9999 -9999 -9999 -9999 -9999 -9999 -9999 57 57 57 57 57 57 57 57 57 39 39 39 39 56 56 56 56 56 38 38 38 38 38 38 38 38 38 41 41 41 41 41 41 42 42 44 0 -9999 -9999 -9999 -9999 -9999 -9999 -9999 -9999 -9999 -9999 -9999 -9999 0 59 0 0 0 59 59 46 46 59 59 59 0 -9999 -9999 -9999 -9999 -9999 -9999 -9999 -9999 -9999 -9999 -9999 -9999 -9999 -9999 0 0
-9999 -9999 -9999 -9999 -9999 -9999 -9999 -9999 -9999 -9999 -9999 0 57 57 57 57 0 0 0 0 39 39 56 56 56 56 56 56 38 38 38 38 38 38 38 38 41 41 41 41 41 41 41 42 44 0 0 -9999 -9999 -9999 -9999 -9999 -9999 -9999 -9999 -9999 -9999 -9999 -9999 -9999 -9999 -9999 -9999 0 0 0 59 59 59 59 59 0 -9999 -9999 -9999 -9999 -9999 -9999 -9999 -9999 -9999 -9999 -9999 -9999 -9999 -9999 0 0
-9999 -9999 -9999 -9999 -9999 -9999 -9999 -9999 -9999 -9999 -9999 -9999 -9999 -9999 -9999 -9999 -9999 -9999 -9999 -9999 -9999 0 0 0 56 56 56 56 56 38 38 38 38 38 38 38 41 42 42 42 42 42 42 42 44 0 0 -9999 -9999 -9999 -9999 -9999 -9999 -9999 -9999 -9999 -9999 -9999 -9999 -9999 -9999 -9999 -9999 -9999 -9999 -9999 0 59 59 59 59 59 -9999 -9999 -9999 -9999 -9999 -9999 -9999 -9999 -9999 -9999 -9999 -9999 -9999 -9999 0 0
-9999 -9999 -9999 -9999 -9999 -9999 -9999 -9999 -9999 -9999 -9999 -9999 -9999 -9999 -9999 -9999 -9999 -9999 -9999 -9999 -9999 -9999 -9999 -9999 0 56 56 56 56 56 56 56 38 38 38 38 42 42 42 42 42 42 42 42 0 0 -9999 -9999 -9999 -9999 -9999 -9999 -9999 -9999 -9999 -9999 -9999 -9999 -9999 -9999 -9999 -9999 -9999 -9999 -9999 -9999 -9999 0 59 59 59 59 0 -9999 -9999 -9999 -9999 -9999 -9999 -9999 -9999 -9999 -9999 -9999 -9999 -9999 -9999 0
-9999 -9999 -9999 -9999 -9999 -9999 -9999 -9999 -9999 -9999 -9999 -9999 -9999 -9999 -9999 -9999 -9999 -9999 -9999 -9999 -9999 -9999 -9999 -9999 -9999 0 56 56 56 56 56 56 56 38 42 42 42 42 42 42 42 42 44 0 0 -9999 -9999 -9999 -9999 -9999 -9999 -9999 -9999 -9999 -9999 -9999 -9999 -9999 -9999 -9999 -9999 -9999 -9999 -9999 -9999 -9999 -9999 -9999 0 59 59 59 59 -9999 -9999 -9999 -9999 -9999 -9999 -9999 -9999 -9999 -9999 -9999 -9999 -9999 -9999 -9999
-9999 -9999 -9999 -9999 -9999 -9999 -9999 -9999 -9999 -9999 -9999 -9999 -9999 -9999 -9999 -9999 -9999 -9999 -9999 -9999 -9999 -9999 -9999 -9999 -9999 0 56 56 56 56 56 56 56 38 56 42 42 42 42 42 42 44 44 -9999 -9999 -9999 -9999 -9999 -9999 -9999 -9999 -9999 -9999 -9999 -9999 -9999 -9999 -9999 -9999 -9999 -9999 -9999 -9999 -9999 -9999 -9999 -9999 -9999 0 0 59 59 59 -9999 -9999 -9999 -9999 -9999 -9999 -9999 -9999 -9999 -9999 -9999 -9999 -9999 -9999 -9999
-9999 -9999 -9999 -9999 -9999 -9999 -9999 -9999 -9999 -9999 -9999 -9999 -9999 -9999 -9999 -9999 -9999 -9999 -9999 -9999 -9999 -9999 -9999 -9999 -9999 -9999 0 56 56 56 56 56 56 56 42 42 42 42 42 42 44 44 -9999 -9999 -9999 -9999 -9999 -9999 -9999 -9999 -9999 -9999 -9999 -9999 -9999 -9999 -9999 -9999 -9999 -9999 -9999 -9999 -9999 -9999 -9999 -9999 -9999 -9999 0 0 0 59 59 0 -9999 -9999 -9999 -9999 -9999 -9999 -9999 -9999 -9999 -9999 -9999 -9999 -9999 -9999
